v=[20:20:140]/3.6;                      
v2=v.^2;
x=[v;v2]';                               
d=[6.5,17.8,33.6,57.1,83.4,118.0,153.5]';  
% 输出最小二乘解
a=x\d;
k1=a(1), k2=a(2)
dd=x*a               
