function y1=hhuaxue(b)
x=[0.02	 0.02 0.06 0.06 0.11 0.11 0.22 0.22	0.56 0.56 1.10 ];
%y=[76  47  97	107	 123	139	 159	152	 191	201 	207	 200];
y=[67	51	84	86	98	115	131	124	144	158	160];
y1=y-b(1)*x./(b(2)+x); 