n=4;
P=760;
a=[18.607,15.841,20.443,19.293]';
b=[2643.31,2755.64,4628.96,4117.07]';
c=[239.73,219.16,252.64,227.44]';
Q=[1.0 0.192 2.169 1.611;0.316 1.0 0.477 0.524;0.377 0.360 1.0 0.296;0.524 0.282 2.065 1.0];
XT0=[0.25,0.25,0.25,50];
[XT,Y]=fsolve(@m6,XT0,[],n,P,a,b,c,Q)